111
161
133

113
152
159

16
255
109

113
142
156

113
154
157

15
255
110

113
151
160

113
145
157

15
56
177

17
63
166

15
60
166

16
58
164

17
63
162

17
65
162

15
61
162

38
198
98

38
196
99

38
196
99

12
51
179

15
255
114

15
255
112

14
55
177

15
255
112

15
255
113

119
255
56

120
255
53

120
255
51

120
255
44

120
255
44

120
255
44

120
255
42

120
255
42

120
255
44

37
185
98

37
185
98

69
54
160

16
244
113

15
250
111

15
255
107

69
51
171

69
60
171

71
59
169

71
63
173

70
56
172

71
59
170

68
60
165

68
60
165

113
160
151

38
194
100

38
190
102

113
165
147

38
192
101

38
190
102

113
164
148

