83
138
92

98
142
86

76
147
168

99
141
89

96
142
86

75
150
168

99
142
86

100
141
89

169
132
141

159
131
143

158
132
141

158
131
141

155
131
142

155
131
143

155
132
141

98
108
166

99
108
167

99
108
167

170
133
139

79
149
169

77
149
168

168
132
140

77
149
168

77
150
169

8
145
96

6
145
96

6
143
98

5
139
103

5
139
103

5
139
103

3
139
104

3
139
104

5
139
103

99
111
165

99
111
165

160
111
137

81
147
168

77
148
168

73
148
167

171
111
137

170
109
138

168
110
137

171
108
137

171
110
137

169
109
137

164
109
139

164
109
139

90
143
86

100
108
166

102
108
166

86
143
86

101
108
166

102
108
166

87
144
86

